9 -51 -14 68 17 -98 16 76 13 -55 -23 21 56 -12 
24 -87 -13 46 97 27 -33 -99 -13 80 -36 56 -75 -90 
-16 52 -34 93 51 2 60 -33 4 -75 93 67 -30 -31 
-12 76 57 62 39 -56 7 36 21 24 -13 58 3 51 
13 29 61 97 -70 77 39 32 -22 -52 99 32 -27 42 
-1 -7 -90 87 -31 68 48 -93 62 -95 -7 -68 29 80 
91 83 -19 3 -39 -59 0 -9 -82 89 73 -54 -63 22 
29 10 -37 -73 -97 -27 64 -78 91 -39 80 2 -84 -27 
35 46 -98 25 28 -67 -73 39 -25 -23 -71 -57 -34 53 
-61 3 -26 68 63 37 45 66 -91 8 38 51 20 18 
-48 36 41 87 -69 -7 11 9 27 -11 -53 52 66 -73 
95 -69 80 84 34 -47 2 -3 40 -54 -88 -1 5 51 
-51 75 -82 -48 10 59 -62 -8 -49 0 -100 78 89 -52 
