7827 14475 4197 2094 -6079 16055 -7215 23791 15382 9342 -4321 -2037 -18687 4605 
15404 -7508 5514 -2523 -6081 5552 14525 5404 -15527 -9266 4301 7341 2248 870 
-4868 -14107 -1699 -6839 -8066 -22656 -13143 -31232 -2438 13834 -4852 -26992 1590 20988 
-16042 -10298 -15297 19295 14225 -15093 3760 4642 18492 -4634 -8691 21817 -10753 5315 
4054 7126 11163 12415 -12777 -9676 -3366 -6640 -5296 -7367 -2216 1091 7792 -11693 
2096 -36372 -22710 -7402 6373 -5647 13764 -10751 4413 4567 -1477 -16947 21835 2147 
7008 -2944 -4365 5106 -6856 -4166 8031 16137 -513 -27188 6669 265 17832 -4746 
2655 8624 -33885 3404 9510 775 -9318 9702 15074 -9953 -18573 1371 -6415 8003 
61 -9733 -184 -14436 -3624 12379 -4473 14287 -7164 6422 -2038 -1715 10300 -9652 
1351 8109 256 2777 -11195 4519 -8948 -4531 15478 -2327 -6152 354 -6020 1475 
-562 -18985 1009 2835 -1278 -11750 7166 1380 -5171 6447 3697 -16741 17282 855 
-3434 609 10083 -6998 1208 2131 -4470 515 -3151 4915 14710 -12092 6985 -8623 
