-26 56 41 73 82 65 85 -87 37 19 -72 11 51 
78 12 -97 6 96 -22 51 62 -16 -1 4 51 -21 
-67 93 -57 -99 -99 17 8 43 -61 -11 7 -77 3 
94 43 -19 5 -7 -92 -84 -54 15 62 25 -35 23 
59 15 78 9 94 -90 -48 87 62 -97 -47 -31 46 
-7 59 -98 -34 -89 47 -92 -8 -99 -48 0 68 -52 
65 29 23 81 -48 -18 -5 80 41 -12 90 43 -76 
1 47 -23 71 -58 20 29 -55 87 -10 42 45 82 
43 47 -69 10 96 97 -62 -32 77 -60 0 -79 -81 
-59 9 59 34 -17 -40 -20 10 81 23 -70 9 18 
67 99 -41 11 30 52 -42 11 -89 -97 7 -51 -29 
-67 -60 72 -46 -91 63 13 19 -54 46 29 27 -44 
